concat [ [ 1, 2, 3 ], [ 4, 5, 6 ] ] -> [ 1, 2, 3, 4, 5, 6 ]
slice [ 1, 2, 3, 4, 5, 6 ] & 2 -> [ [ 1, 2 ], [ 3, 4 ], [ 5, 6 ] ]
zip ( [ 1, 2, 3 ], [ 4, 5, 6 ] ) -> [ ( 1, 4 ), ( 2, 5 ), ( 3, 6 ) ]
line ( [ 1, 2, 3 ], [ 4, 5, 6 ] ) -> [ [ 1, 4 ], [ 2, 5 ], [ 3, 6 ] ]
interleave [ [ 1, 2, 3 ], [ 4, 5, 6 ] ] -> [ 1, 4, 2, 5, 3, 6 ]
deinterleave [ 1, 2, 3, 4, 5, 6 ] & 2 -> [ [ 1, 3, 5 ], [ 2, 4, 6 ] ]
interlace [ 1, 2, 3, 4, 5, 6 ] & 2 -> [ 1, 3, 5, 2, 4, 6 ]
pick [ ( 1, 2 ), ( 3, 4 ), ( 5, 6 ) ] & 0 -> [ 1, 3, 5 ]
shuffle [ 1, 2, 3 ] & [ 0, 2, 1 ] -> [ 1, 3, 2 ]


1 3 5 2 4 6 -> 1 2 3 4 5 6
